PC

0	8.6	64	26.9	88	8	3	2.78	15	1
0	12.04347251	48.62201163	7.726151811	51	41.50170764	3.561859634	4.488127135	268	0
1	14.5	27	7.06	48	37	9	5.11	125	1
1	13.8	24	3.53	53	44	3	5.18	190	1
0	12.5	30	8.6	65	25	8	4.69	56	1
0	11.8	33	2.5	48	43	8	4.44	100	1
1	15.4	14	4.31	52	39	8	4.99	15	1
0	12.19221884	41.39273508	12.34216275	69	52.14678357	22.57339179	0.706926904	407	0
1	12	6	10.4	82	14	3	4.25	15	1
1	15.1	6	6.5	50	37	10	5.38	140	1
0	13.5	8	4.2	74	23	3	5.23	17	1
0	9.6	16	5.5	59	33	6	3.42	175	0

CHI2

64	88	8	3	15	1
48.62201163	51	41.50170764	3.561859634	268	0
27	48	37	9	125	1
24	53	44	3	190	1
30	65	25	8	56	1
33	48	43	8	100	1
14	52	39	8	15	1
41.39273508	69	52.14678357	22.57339179	407	0
6	82	14	3	15	1
6	50	37	10	140	1
8	74	23	3	17	1
16	59	33	6	175	0
56.90367186	74	23.19740795	7.653995547	525	0

RFE

0	8.6	26.9	88	3	1	2.78	15	1
0	12.24948771	8.063267591	52	3.187286545	3.812713455	4.576151811	275	0
1	14.5	7.06	48	9	6	5.11	125	1
1	13.8	3.53	53	3	0	5.18	190	1
0	12.5	8.6	65	8	2	4.69	56	1
0	11.8	2.5	48	8	1	4.44	100	1
1	15.4	4.31	52	8	1	4.99	15	1
0	13.0820569	10.90853476	69	22.82056903	3.011291044	0.924442874	405	0
1	12	10.4	82	3	1	4.25	15	1
1	15.1	6.5	50	10	3	5.38	140	1
0	13.5	4.2	74	3	0	5.23	17	1
0	9.6	5.5	59	6	2	3.42	175	0
0	7.866825056	15.8957235	76	4.778833704	0.889416852	2.637645787	524	0
0	11.2	2.38	65	6	1	4.22	125	1


SelectkBest

8.6	64	26.9	88	8	3	2.78	15	1
12.04347251	48.62201163	7.726151811	51	41.50170764	3.561859634	4.488127135	268	0
14.5	27	7.06	48	37	9	5.11	125	1
13.8	24	3.53	53	44	3	5.18	190	1
12.5	30	8.6	65	25	8	4.69	56	1
11.8	33	2.5	48	43	8	4.44	100	1
15.4	14	4.31	52	39	8	4.99	15	1
12.19221884	41.39273508	12.34216275	69	52.14678357	22.57339179	0.706926904	407	0
12	6	10.4	82	14	3	4.25	15	1
15.1	6	6.5	50	37	10	5.38	140	1
13.5	8	4.2	74	23	3	5.23	17	1
9.6	16	5.5	59	33	6	3.42	175	0
8.541382257	56.90367186	14.31549032	74	23.19740795	7.653995547	2.321377984	525	0
11.2	21	2.38	65	28	6	4.22	125	1

ET

1	2.78	22	26.9	8.6	8	64	3	88	15	1
3.625426911	4.488127135	45	7.726151811	12.04347251	41.50170764	48.62201163	3.561859634	51	268	0
6	5.11	40	7.06	14.5	37	27	9	48	125	1
0	5.18	10	3.53	13.8	44	24	3	53	190	1
2	4.69	24	8.6	12.5	25	30	8	65	56	1
1	4.44	45	2.5	11.8	43	33	8	48	100	1
1	4.99	40	4.31	15.4	39	14	8	52	15	1
3.011291044	0.706926904	28.01129104	12.34216275	12.19221884	52.14678357	41.39273508	22.57339179	69	407	0
1	4.25	19	10.4	12	14	6	3	82	15	1
3	5.38	24	6.5	15.1	37	6	10	50	140	1
0	5.23	25	4.2	13.5	23	8	3	74	17	1
2	3.42	25	5.5	9.6	33	16	6	59	175	0
1.331749443	2.321377984	27.2211663	14.31549032	8.541382257	23.19740795	56.90367186	7.653995547	74	525	0
1	4.22	26	2.38	11.2	28	21	6	65	125	1
1	5.74	81	6.3	11.3	22	14	10	67	145	0
3	2.75	55	14	8.1	32	80	5	40	22	1

